210|[33]15390,
13976|[4]109263,[12]110290,[13]111147,[19]110120,[20]110248,[25]118008,[46]144711,[48]144839,[50]144967,[52]145095,[53]147277,[54]147405,[55]147533,[56]147661,
289|[5]145696,
285|[15]143760,
284|[46]143504,[62]143632,
1288|[0]81151,
675|[0]68044,[16]68172,
27912|[44]39973,[45]40101,
408|[49]34669,
3186 current_block[5][6].ptr_lru_node = 111744|.current_mark_count=1;
kick_page curr->arrive_time=3018.572394
ptr_lru_node->73297.exist=2
* if the page already been marked|ptr_lru_node = 111744:73297
current_block[5][6].current_mark_count=1
simtime=3018.572394
channel_num=5 |verify_channel=5
if(!(curr->flags&READ))
ssd_access simtime=3018.877994
ssd_access_complete_element//curr->page no=73297 //elem_num=5
parent->arrive_time =3018.572394
simtime=3018.877994,parent->arrive_time=3018.572394,write_total_serve_time=2998.759200
9995----接收新的request----
simtime=3018.877994
simtime=3018.877994
simtime=3018.877994
inininininin
elen_num1=7,ppn1=7038,lpn=55439
hash_Pg:21|102|104|115|120|1155|194|196|204|210|218|284|285|1288|289|357|408|429|111440|476|555|556|560|570|576|600|612|111624|636|642|675|111680|705|710|97713|83754|97762|784|791|55852|872|27912|13929|13930|13952|13956|13958|13976|
find node
ptr_lru_node->rw_intensive == 2
flag=0
full_cache == LRU___page cache : 
872|[46]55311,[62]55439,
13958|[32]13341,[33]11287,[34]11415,[35]11543,
97713|[16]72278,
429|[22]72250,
710|[12]71668,
705|[43]71412,[59]71540,
115|[38]58264,[54]58392,
560|[9]56524,[25]56652,[41]56780,
555|[8]56012,[24]56140,[40]56268,[56]56396,
13930|[16]55884,
13929|[20]55872,
196|[13]49497,[29]49625,
194|[44]49241,[60]49369,
357|[53]26134,
13956|[36]26006,
476|[1]59987,[17]60115,[33]60243,[49]60371,
111624|[4]58953,[5]59980,
791|[9]57030,[25]57158,
784|[56]56902,
218|[6]54985,[22]55113,[38]55241,
111680|[23]43548,[45]48683,[59]3742,
642|[2]53949,[18]54077,[34]54205,
636|[49]53821,
204|[43]51753,
13952|[62]48951,
21|[29]3762,
556|[17]70195,
576|[7]48445,[23]48573,
570|[22]48061,[38]48189,[54]48317,
55852|[1]67161,[2]41923,[3]42051,
97762|[0]61007,
612|[12]51509,[28]51637,
600|[42]50741,[58]50869,
104|[15]52536,
102|[45]51768,[61]51896,
111440|[40]46629,
83754|[25]3601,
1155|[4]15660,[7]83222,[20]15788,[36]15916,[52]16044,
120|[35]15403,[51]15531,
210|[33]15390,
13976|[4]109263,[12]110290,[13]111147,[19]110120,[20]110248,[25]118008,[46]144711,[48]144839,[50]144967,[52]145095,[53]147277,[54]147405,[55]147533,[56]147661,
289|[5]145696,
285|[15]143760,
284|[46]143504,[62]143632,
1288|[0]81151,
675|[0]68044,[16]68172,
27912|[44]39973,[45]40101,
408|[49]34669,
kick_page curr->arrive_time=3018.879901
ptr_lru_node->49241.exist=2
* if the page already been marked|ptr_lru_node = 194:49241
current_block[0][4].current_mark_count=2
simtime=3018.879901
channel_num=0 |verify_channel=0
49369.exist=2
* if the page already been marked|ptr_lru_node = 194:49369
current_block[0][4].current_mark_count=1
simtime=3018.879901
channel_num=0 |verify_channel=0
if(!(curr->flags&READ))
ssd_access simtime=3019.185501
ssd_access_complete_element//curr->page no=49241 //elem_num=0
parent->arrive_time =3018.879901
ssd_access simtime=3019.491101
ssd_access_complete_element//curr->page no=49369 //elem_num=0
parent->arrive_time =3018.879901
simtime=3019.491101,parent->arrive_time=3018.879901,write_total_serve_time=2999.370400
9996----接收新的request----
simtime=3019.491101
simtime=3019.491101
simtime=3019.491101
inininininin
elen_num1=7,ppn1=7055,lpn=55567
hash_Pg:21|102|104|115|120|1155|196|204|210|218|284|285|1288|289|357|408|429|111440|476|555|556|560|570|576|600|612|111624|636|642|675|111680|705|710|97713|83754|97762|784|791|55852|872|27912|13929|13930|13952|13956|13958|13976|
add node
flag==0
add node|ptr_buffer_cache->hash_Pg[logical_node_num % HASHSIZE]=880
flag=0
full_cache == LRU___page cache : 
880|[15]55567,
872|[46]55311,[62]55439,
13958|[32]13341,[33]11287,[34]11415,[35]11543,
97713|[16]72278,
429|[22]72250,
710|[12]71668,
705|[43]71412,[59]71540,
115|[38]58264,[54]58392,
560|[9]56524,[25]56652,[41]56780,
555|[8]56012,[24]56140,[40]56268,[56]56396,
13930|[16]55884,
13929|[20]55872,
196|[13]49497,[29]49625,
357|[53]26134,
13956|[36]26006,
476|[1]59987,[17]60115,[33]60243,[49]60371,
111624|[4]58953,[5]59980,
791|[9]57030,[25]57158,
784|[56]56902,
218|[6]54985,[22]55113,[38]55241,
111680|[23]43548,[45]48683,[59]3742,
642|[2]53949,[18]54077,[34]54205,
636|[49]53821,
204|[43]51753,
13952|[62]48951,
21|[29]3762,
556|[17]70195,
576|[7]48445,[23]48573,
570|[22]48061,[38]48189,[54]48317,
55852|[1]67161,[2]41923,[3]42051,
97762|[0]61007,
612|[12]51509,[28]51637,
600|[42]50741,[58]50869,
104|[15]52536,
102|[45]51768,[61]51896,
111440|[40]46629,
83754|[25]3601,
1155|[4]15660,[7]83222,[20]15788,[36]15916,[52]16044,
120|[35]15403,[51]15531,
210|[33]15390,
13976|[4]109263,[12]110290,[13]111147,[19]110120,[20]110248,[25]118008,[46]144711,[48]144839,[50]144967,[52]145095,[53]147277,[54]147405,[55]147533,[56]147661,
289|[5]145696,
285|[15]143760,
284|[46]143504,[62]143632,
1288|[0]81151,
675|[0]68044,[16]68172,
27912|[44]39973,[45]40101,
408|[49]34669,
3186 current_block[0][4].ptr_lru_node = 13958|.current_mark_count=4;
kick_page curr->arrive_time=3019.493008
<= max_buffer_page_num
parent->arrive_time =3019.493008
simtime=3019.493008,parent->arrive_time=3019.493008,write_total_serve_time=2999.370400
if(!(curr->flags&READ))
9997----接收新的request----
simtime=3019.493008
simtime=3019.493008
simtime=3019.493008
inininininin
elen_num1=7,ppn1=7071,lpn=55695
hash_Pg:21|102|104|115|120|1155|196|204|210|218|284|285|1288|289|357|408|429|111440|476|555|556|560|570|576|600|612|111624|636|642|675|111680|705|710|97713|83754|97762|784|791|55852|872|880|27912|13929|13930|13952|13956|13958|13976|
find node
ptr_lru_node->rw_intensive == 2
flag=0
full_cache == LRU___page cache : 
880|[15]55567,[31]55695,
872|[46]55311,[62]55439,
13958|[32]13341,[33]11287,[34]11415,[35]11543,
97713|[16]72278,
429|[22]72250,
710|[12]71668,
705|[43]71412,[59]71540,
115|[38]58264,[54]58392,
560|[9]56524,[25]56652,[41]56780,
555|[8]56012,[24]56140,[40]56268,[56]56396,
13930|[16]55884,
13929|[20]55872,
196|[13]49497,[29]49625,
357|[53]26134,
13956|[36]26006,
476|[1]59987,[17]60115,[33]60243,[49]60371,
111624|[4]58953,[5]59980,
791|[9]57030,[25]57158,
784|[56]56902,
218|[6]54985,[22]55113,[38]55241,
111680|[23]43548,[45]48683,[59]3742,
642|[2]53949,[18]54077,[34]54205,
636|[49]53821,
204|[43]51753,
13952|[62]48951,
21|[29]3762,
556|[17]70195,
576|[7]48445,[23]48573,
570|[22]48061,[38]48189,[54]48317,
55852|[1]67161,[2]41923,[3]42051,
97762|[0]61007,
612|[12]51509,[28]51637,
600|[42]50741,[58]50869,
104|[15]52536,
102|[45]51768,[61]51896,
111440|[40]46629,
83754|[25]3601,
1155|[4]15660,[7]83222,[20]15788,[36]15916,[52]16044,
120|[35]15403,[51]15531,
210|[33]15390,
13976|[4]109263,[12]110290,[13]111147,[19]110120,[20]110248,[25]118008,[46]144711,[48]144839,[50]144967,[52]145095,[53]147277,[54]147405,[55]147533,[56]147661,
289|[5]145696,
285|[15]143760,
284|[46]143504,[62]143632,
1288|[0]81151,
675|[0]68044,[16]68172,
27912|[44]39973,[45]40101,
408|[49]34669,
kick_page curr->arrive_time=3019.494915
ptr_lru_node->46629.exist=2
* if the page already been marked|ptr_lru_node = 111440:46629
current_block[2][2].current_mark_count=1
simtime=3019.494915
channel_num=2 |verify_channel=2
if(!(curr->flags&READ))
ssd_access simtime=3019.800515
ssd_access_complete_element//curr->page no=46629 //elem_num=2
parent->arrive_time =3019.494915
simtime=3019.800515,parent->arrive_time=3019.494915,write_total_serve_time=2999.676000
9998----接收新的request----
simtime=3019.800515
simtime=3019.800515
simtime=3019.800515
inininininin
elen_num1=7,ppn1=7087,lpn=55823
hash_Pg:21|102|104|115|120|1155|196|204|210|218|284|285|1288|289|357|408|429|476|555|556|560|570|576|600|612|111624|636|642|675|111680|705|710|97713|83754|97762|784|791|55852|872|880|27912|13929|13930|13952|13956|13958|13976|
find node
ptr_lru_node->rw_intensive == 2
flag=0
full_cache == LRU___page cache : 
880|[15]55567,[31]55695,[47]55823,
872|[46]55311,[62]55439,
13958|[32]13341,[33]11287,[34]11415,[35]11543,
97713|[16]72278,
429|[22]72250,
710|[12]71668,
705|[43]71412,[59]71540,
115|[38]58264,[54]58392,
560|[9]56524,[25]56652,[41]56780,
555|[8]56012,[24]56140,[40]56268,[56]56396,
13930|[16]55884,
13929|[20]55872,
196|[13]49497,[29]49625,
357|[53]26134,
13956|[36]26006,
476|[1]59987,[17]60115,[33]60243,[49]60371,
111624|[4]58953,[5]59980,
791|[9]57030,[25]57158,
784|[56]56902,
218|[6]54985,[22]55113,[38]55241,
111680|[23]43548,[45]48683,[59]3742,
642|[2]53949,[18]54077,[34]54205,
636|[49]53821,
204|[43]51753,
13952|[62]48951,
21|[29]3762,
556|[17]70195,
576|[7]48445,[23]48573,
570|[22]48061,[38]48189,[54]48317,
55852|[1]67161,[2]41923,[3]42051,
97762|[0]61007,
612|[12]51509,[28]51637,
600|[42]50741,[58]50869,
104|[15]52536,
102|[45]51768,[61]51896,
83754|[25]3601,
1155|[4]15660,[7]83222,[20]15788,[36]15916,[52]16044,
120|[35]15403,[51]15531,
210|[33]15390,
13976|[4]109263,[12]110290,[13]111147,[19]110120,[20]110248,[25]118008,[46]144711,[48]144839,[50]144967,[52]145095,[53]147277,[54]147405,[55]147533,[56]147661,
289|[5]145696,
285|[15]143760,
284|[46]143504,[62]143632,
1288|[0]81151,
675|[0]68044,[16]68172,
27912|[44]39973,[45]40101,
408|[49]34669,
kick_page curr->arrive_time=3019.802422
ptr_lru_node->72278.exist=2
* if the page already been marked|ptr_lru_node = 97713:72278
current_block[3][5].current_mark_count=1
simtime=3019.802422
channel_num=3 |verify_channel=3
if(!(curr->flags&READ))
ssd_access simtime=3020.108022
ssd_access_complete_element//curr->page no=72278 //elem_num=3
parent->arrive_time =3019.802422
simtime=3020.108022,parent->arrive_time=3019.802422,write_total_serve_time=2999.981600
9999----接收新的request----
simtime=3020.108022
simtime=3020.108022
simtime=3020.108022
inininininin
elen_num1=5,ppn1=891833,lpn=11671
hash_Pg:21|102|104|115|120|1155|196|204|210|218|284|285|1288|289|357|408|429|476|555|556|560|570|576|600|612|111624|636|642|675|111680|705|710|83754|97762|784|791|55852|872|880|27912|13929|13930|13952|13956|13958|13976|
add node
flag==0
add node|ptr_buffer_cache->hash_Pg[logical_node_num % HASHSIZE]=83604
flag=0
full_cache == LRU___page cache : 
83604|[57]11671,
880|[15]55567,[31]55695,[47]55823,
872|[46]55311,[62]55439,
13958|[32]13341,[33]11287,[34]11415,[35]11543,
429|[22]72250,
710|[12]71668,
705|[43]71412,[59]71540,
115|[38]58264,[54]58392,
560|[9]56524,[25]56652,[41]56780,
555|[8]56012,[24]56140,[40]56268,[56]56396,
13930|[16]55884,
13929|[20]55872,
196|[13]49497,[29]49625,
357|[53]26134,
13956|[36]26006,
476|[1]59987,[17]60115,[33]60243,[49]60371,
111624|[4]58953,[5]59980,
791|[9]57030,[25]57158,
784|[56]56902,
218|[6]54985,[22]55113,[38]55241,
111680|[23]43548,[45]48683,[59]3742,
642|[2]53949,[18]54077,[34]54205,
636|[49]53821,
204|[43]51753,
13952|[62]48951,
21|[29]3762,
556|[17]70195,
576|[7]48445,[23]48573,
570|[22]48061,[38]48189,[54]48317,
55852|[1]67161,[2]41923,[3]42051,
97762|[0]61007,
612|[12]51509,[28]51637,
600|[42]50741,[58]50869,
104|[15]52536,
102|[45]51768,[61]51896,
83754|[25]3601,
1155|[4]15660,[7]83222,[20]15788,[36]15916,[52]16044,
120|[35]15403,[51]15531,
210|[33]15390,
13976|[4]109263,[12]110290,[13]111147,[19]110120,[20]110248,[25]118008,[46]144711,[48]144839,[50]144967,[52]145095,[53]147277,[54]147405,[55]147533,[56]147661,
289|[5]145696,
285|[15]143760,
284|[46]143504,[62]143632,
1288|[0]81151,
675|[0]68044,[16]68172,
27912|[44]39973,[45]40101,
408|[49]34669,
3186 current_block[2][2].ptr_lru_node = 872|.current_mark_count=2;
kick_page curr->arrive_time=3020.109930
ptr_lru_node->67161.exist=2
* if the page already been marked|ptr_lru_node = 55852:67161
current_block[5][4].current_mark_count=3
simtime=3020.109930
channel_num=5 |verify_channel=5
41923.exist=2
* if the page already been marked|ptr_lru_node = 55852:41923
current_block[5][4].current_mark_count=2
simtime=3020.109930
channel_num=5 |verify_channel=5
42051.exist=2
* if the page already been marked|ptr_lru_node = 55852:42051
current_block[5][4].current_mark_count=1
simtime=3020.109930
channel_num=5 |verify_channel=5
if(!(curr->flags&READ))
ssd_access simtime=3020.415530
ssd_access_complete_element//curr->page no=67161 //elem_num=5
parent->arrive_time =3020.109930
ssd_access simtime=3020.721130
ssd_access_complete_element//curr->page no=41923 //elem_num=5
parent->arrive_time =3020.109930
ssd_access simtime=3021.239930
ssd_access_complete_element//curr->page no=42051 //elem_num=5
parent->arrive_time =3020.109930
simtime=3021.239930,parent->arrive_time=3020.109930,write_total_serve_time=3001.111600
10000----接收新的request----
simtime=3021.239930
simtime=3021.239930
simtime=3021.239930
inininininin
elen_num1=7,ppn1=2423,lpn=19095
hash_Pg:21|102|104|115|120|1155|196|204|210|218|284|285|1288|289|357|408|429|476|555|556|560|570|576|600|83604|612|111624|636|642|675|111680|705|710|83754|97762|784|791|872|880|27912|13929|13930|13952|13956|13958|13976|
add node
flag==0
add node|ptr_buffer_cache->hash_Pg[logical_node_num % HASHSIZE]=296
flag=0
full_cache == LRU___page cache : 
296|[55]19095,
83604|[57]11671,
880|[15]55567,[31]55695,[47]55823,
872|[46]55311,[62]55439,
13958|[32]13341,[33]11287,[34]11415,[35]11543,
429|[22]72250,
710|[12]71668,
705|[43]71412,[59]71540,
115|[38]58264,[54]58392,
560|[9]56524,[25]56652,[41]56780,
555|[8]56012,[24]56140,[40]56268,[56]56396,
13930|[16]55884,
13929|[20]55872,
196|[13]49497,[29]49625,
357|[53]26134,
13956|[36]26006,
476|[1]59987,[17]60115,[33]60243,[49]60371,
111624|[4]58953,[5]59980,
791|[9]57030,[25]57158,
784|[56]56902,
218|[6]54985,[22]55113,[38]55241,
111680|[23]43548,[45]48683,[59]3742,
642|[2]53949,[18]54077,[34]54205,
636|[49]53821,
204|[43]51753,
13952|[62]48951,
21|[29]3762,
556|[17]70195,
576|[7]48445,[23]48573,
570|[22]48061,[38]48189,[54]48317,
97762|[0]61007,
612|[12]51509,[28]51637,
600|[42]50741,[58]50869,
104|[15]52536,
102|[45]51768,[61]51896,
83754|[25]3601,
1155|[4]15660,[7]83222,[20]15788,[36]15916,[52]16044,
120|[35]15403,[51]15531,
210|[33]15390,
13976|[4]109263,[12]110290,[13]111147,[19]110120,[20]110248,[25]118008,[46]144711,[48]144839,[50]144967,[52]145095,[53]147277,[54]147405,[55]147533,[56]147661,
289|[5]145696,
285|[15]143760,
284|[46]143504,[62]143632,
1288|[0]81151,
675|[0]68044,[16]68172,
27912|[44]39973,[45]40101,
408|[49]34669,
3186 current_block[3][5].ptr_lru_node = 880|.current_mark_count=3;
kick_page curr->arrive_time=3021.241837
<= max_buffer_page_num
parent->arrive_time =3021.241837
simtime=3021.241837,parent->arrive_time=3021.241837,write_total_serve_time=3001.111600
if(!(curr->flags&READ))
ytc94u 10000 total_live_page_cp_count2 = 0 W resp time = 0.300291 R resp time = 0.191295 resp time = 0.300226 				 	striping count = 0 striping page = 0
 total_childcompTimeDiff = 0.000000ytc94u w_multiple = 99999.000000 ,cache_size = 100
 ytc94u total_live_page_cp_count2 = 0,total_gc_count = 0
ytc94u write hit count = 128 write miss count = 10009 write hit rate = 0.012627
ytc94u read hit count = 0 read miss count = 6 read hit rate = 0.000000
ytc94u kick_read_intensive_page_count = 0 kick_write_intensive_page_count = 9910
ytc94u handle_write_count_in_activity_elem = 9910
ytc94u write request average serve time = 0.300291 
ytc94u read request average serve time = 0.191295 
ytc94u write and read request average serve time = 0.300226 
ytc94u striping_count = 0,striping_page= 0
ytc94u total_wait_striping_page_count == 0
ytc94u average block associate logical block = 49.647482
s->sum=3021.241837
response time: n=10000 average=0.302124 std. deviation=0.470925
